0
2
4
5
6
7
8
9
10
11
12
14
15
16
17
18
19
20
22
24
25
27
28
30
31
32
34
35
37
38
39
40
41
42
43
44
46
47
48
52
54
56
58
60
61
67
68
69
71
72
74
76
81
84
86
88
89
90
92
93
94
95
96
97
98
99
100
101
102
103
106
107
108
109
110
113
116
120
123
124
125
126
127
128
131
134
135
137
138
139
141
142
144
145
146
148
149
150
152
153
154
155
156
157
158
160
162
163
164
166
173
174
176
177
179
180
181
182
185
186
187
190
191
192
193
199
200
206
208
209
210
212
213
217
218
221
222
223
224
227
229
230
231
232
233
237
238
242
243
244
245
246
247
249
250
251
252
253
254
256
258
261
263
264
265
266
267
269
270
274
277
280
281
284
286
287
288
289
293
294
300
301
303
304
305
308
309
310
313
314
315
316
317
319
320
321
322
328
330
332
333
334
336
339
340
341
342
352
353
359
364
365
367
368
369
374
375
376
380
381
383
390
392
395
396
401
402
404
405
408
409
410
412
413
414
415
417
418
419
425
426
428
429
431
432
433
435
437
438
439
440
448
450
453
456
458
459
460
462
464
469
470
472
473
475
477
479
480
484
487
489
490
493
496
497
499
501
502
504
506
512
515
520
521
523
525
530
533
534
535
539
541
543
556
558
561
563
566
567
568
570
572
574
581
582
583
588
590
591
592
594
595
596
597
598
602
604
605
606
612
615
622
623
628
629
630
631
636
639
640
641
645
646
653
658
661
666
673
676
679
685
686
689
691
697
706
708
709
710
712
713
716
720
721
723
727
730
731
732
734
736
737
739
748
749
754
755
756
760
761
762
763
764
766
767
777
782
784
785
787
792
795
807
810
812
815
829
835
838
841
843
846
847
853
854
856
857
861
863
867
873
877
880
887
888
889
890
894
895
899
900
901
915
917
918
919
923
926
927
928
929
930
935
936
938
939
940
941
943
944
945
948
950
951
952
953
954
955
958
959
960
961
963
964
968
970
971
972
974
975
976
983
984
985
986
987
990
991
992
993
994
997
998
999
1001
1003
1006
1009
1011
1013
1014
1015
1018
1019
1020
1021
1022
1023
1027
1028
1029
1030
1033
1034
1035
1036
1037
1038
1039
1040
1041
1042
1043
1044
1045
1046
1052
1054
1062
1064
1065
1066
1073
1076
1077
1078
1088
1089
1092
1099
1100
1102
1103
1105
1110
1111
1115
1117
1119
1126
1128
1130
1132
1133
1134
1135
1136
1137
1141
1142
1143
1144
1148
1150
1151
1153
1156
1159
1160
1165
1166
1167
1168
1169
1170
1172
1174
1175
1176
1181
1182
1185
1186
1188
1189
1190
1193
1194
1195
1196
1197
1198
1200
1203
1205
1206
1207
1209
1210
1215
1217
1224
1226
1227
1228
1231
1238
1241
1245
1246
1248
1249
1250
1254
1255
1257
1258
1259
1260
1265
1266
1267
1268
1269
1271
1272
1277
1278
1285
1287
1288
1289
1290
1294
1296
1297
1299
1300
1301
1305
1307
1308
1309
1310
1313
1314
1319
1331
1335
1341
1342
1343
1346
1347
1348
1353
1355
1356
1358
1360
1361
1362
1363
1364
1368
1369
1371
1372
1373
1376
1377
1378
1380
1381
1383
1384
1385
1386
1387
1388
1390
1391
1393
1394
1396
1397
1404
1408
1409
1413
1414
1415
1417
1418
1419
1422
1424
1429
1431
1433
1441
1443
1445
1448
1450
1451
1453
1454
1455
1456
1458
1460
1461
1462
1466
1467
1471
1472
1473
1474
1476
1477
1481
1483
1486
1487
1488
1490
1491
1493
1494
1495
1496
1505
1507
1508
1509
1511
1512
1513
1514
1515
1516
1518
1520
1521
1522
1523
1534
1536
1540
1541
1542
1543
1544
1551
1552
1553
1557
1558
1560
1561
1562
1565
1566
1567
1568
1570
1572
1573
1575
1576
1577
1578
1580
1581
1582
1583
1584
1586
1588
1589
1591
1595
1598
1602
1603
1606
1609
1610
1613
1615
1616
1617
1618
1619
1623
1625
1626
1627
1628
1629
1630
1631
1632
1640
1641
1642
1643
1644
1645
1646
1647
1653
1661
1664
1665
1667
1671
1675
1681
1682
1684
1686
1690
1691
1692
1694
1695
1696
1697
1698
1699
1700
1701
1702
1704
1705
1706
1707
1708
1710
1711
1712
1713
1714
1715
1716
1717
1720
1723
1724
1725
1726
1728
1734
1735
1736
1738
1740
1741
1744
1745
1746
1747
1748
1749
1750
1752
1753
1754
1756
1758
1759
1763
1764
1765
1767
1770
1771
1774
1775
1777
1778
1779
1780
1783
1791
1794
1797
1798
1802
1805
1806
1807
1808
1810
1811
1812
1817
1818
1820
1822
1823
1824
1825
1826
1828
1830
1831
1832
1833
1834
1836
1842
1843
1844
1846
1848
1849
1850
1852
1853
1854
1855
1857
1858
1860
1861
1862
1864
1865
1867
1868
1869
1870
1871
1872
1875
1876
1877
1878
1882
1883
1884
1885
1886
1887
1888
1889
1890
1891
1893
1894
1895
1897
1898
1899
1900
1901
1903
1904
1907
1909
1910
1911
1913
1914
1915
1916
1917
1919
1921
1923
1925
1927
1928
1930
1931
1932
1933
1934
1936
1937
1938
1940
1942
1945
1946
1949
1950
1951
1952
1953
1960
1961
1962
1964
1965
1969
1970
1971
1973
1974
1976
1977
1978
1979
1980
1981
1984
1986
1987
1988
1989
1990
1991
1992
1993
1995
1996
1997
2000
2002
2003
2005
2006
2007
2009
2010
2011
2012
2013
2014
2015
2016
2017
2018
2019
2021
2023
2024
2025
2026
2027
2028
2029
2033
2038
2040
2045
2051
2053
2056
2057
2058
2059
2060
2061
2064
2065
2066
2067
2069
2071
2072
2074
2076
2077
2078
2083
2084
2085
2086
2088
2090
2091
2092
2093
2095
2096
2097
2098
2099
2100
2101
2102
2103
2104
2107
2112
2113
2114
2115
2117
2118
2119
2121
2122
2123
2125
2126
2127
2128
2129
2130
2131
2132
2133
2135
2136
2137
2138
2139
2141
2142
2143
2144
2145
2148
2150
2151
2152
2153
2155
2157
2158
2159
2160
2161
2162
2163
2164
2165
2167
2169
2170
2171
2172
2173
2174
2175
2176
2177
2182
2185
2187
2188
2189
2190
2191
2192
2193
2197
2199
2200
2201
2202
2203
2204
2205
2206
2207
2208
2209
2210
2211
2214
2215
2216
2217
2219
2220
2221
2222
2223
2224
2225
2228
2229
2230
2232
2234
2235
2236
2237
2238
2239
2240
2241
2242
2243
2245
2246
2247
2248
2249
2251
2253
2254
2255
2257
2259
2260
2261
2262
2263
2264
2265
2266
2267
2268
2270
2271
2272
2273
2274
2276
2278
2280
2281
2283
2285
2286
2289
2290
2291
2294
2295
2296
2297
2298
2299
2302
2303
2305
2306
2307
2308
2309
2310
2311
2312
2313
2315
2316
2317
2318
2319
2320
2321
2322
2323
2324
2327
2328
2329
2332
2333
2334
2335
2336
2337
2338
2339
2340
2342
2343
2344
2345
2346
2347
2348
2349
2350
2351
2353
2354
2355
2356
2357
2359
2360
2361
2362
2363
2364
2366
2367
2368
2369
2370
2371
2372
2373
2374
2375
2376
2377
2378
2379
2380
2382
2384
2385
2386
2387
2388
2391
2392
2393
2397
2398
2399
2401
2402
2403
2404
2405
2406
2407
2408
2409
2410
2412
2413
2414
2416
2417
2420
2421
2422
2426
2428
2429
2430
2431
2432
2433
2434
2436
2437
2438
2439
2440
2441
2442
2443
2444
2445
2446
2447
2448
2449
2450
2451
2452
2453
2454
2455
2457
2458
2459
2461
2464
2465
2466
2467
2468
2469
2470
2471
2472
2473
2474
2475
2476
2477
2478
2479
2480
2481
2482
2485
2486
2487
2489
2490
2492
2494
2495
2496
2497
2498
2499
2500
2502
2503
2504
2505
2506
2507
2508
2509
2511
2512
2513
2514
2515
2516
2517
2518
2519
2520
2521
2522
2523
2524
2527
2528
2529
2530
2534
2537
2538
2539
2540
2541
2543
2544
2545
2546
2547
2548
2549
2550
2551
2552
2555
2556
2557
2558
2559
2560
2562
2564
2565
2566
2567
2568
2569
2571
2572
2573
2574
2575
2576
2577
2578
2579
2580
2581
2583
2584
2585
2586
2587
2588
2591
2592
2593
2595
2596
2597
2598
2599
2600
2601
2602
2603
2604
2605
2606
2607
2609
2610
2611
2612
2613
2614
2615
2616
2617
2618
2621
2622
2624
2625
2626
2628
2629
2630
2631
2632
2633
2634
2635
2636
2638
2639
2640
2641
2642
2643
2644
2645
2646
2647
2649
2651
2652
2653
2654
2655
2656
2657
2659
2660
2661
2662
2663
2664
2666
2668
2669
2670
2671
2672
2674
2675
2676
2678
2679
2680
2681
2686
2687
2688
2689
2690
2691
2692
2693
2694
2695
2696
2697
2698
2699
2700
2702
2703
2704
2705
2706
2707
2708
2709
2711
2712
2713
2714
2715
2716
2719
2721
2722
2723
2724
2725
2726
2727
2728
2729
2730
2731
2732
2733
2734
2735
2736
2737
2739
2740
2741
2743
2744
2745
2746
2748
2749
2751
2752
2753
2754
2755
2757
2758
2759
2760
2761
2762
2763
2764
2765
2766
2767
2768
2769
2770
2771
2772
2773
2774
2775
2776
2777
2778
2779
2781
2782
2783
2784
2785
2786
2787
2789
2790
2791
2793
2796
2799
2800
2802
2803
2804
2805
2806
2807
2808
2809
2810
2812
2813
2815
2816
2817
2819
2822
2824
2829
2835
2836
2837
2839
2846
2847
2856
2861
2866
2868
2874
2888
2889
2892